First Breaks generated by GEOGIGA FrontEnd
VERSION: 1.3
INFO:
TOTAL_NUMBER_OF_SHOTS: 1
SEISMIC_DATA_FILE_NAME: Array1_SP01.sgy
SHOT_LOCATION: 0.000
NUMBER_OF_RECEIVERS: 60
     #             X           T   Layer
     1         0.000    0.082698     1
     2         0.000    0.081854     1
     3         0.000    0.078760     1
     4         0.000    0.076791     1
     5         0.000    0.071446     1
     6         0.000    0.070040     1
     7         0.000    0.068352     1
     8         0.000    0.065539     1
     9         0.000    0.063852     1
    10         0.000    0.059914     1
    11         0.000    0.058789     1
    12         0.000    0.055694     1
    13         0.000    0.052038     1
    14         0.000    0.049225     1
    15         0.000    0.048944     1
    16         0.000    0.044443     1
    17         0.000    0.040786     1
    18         0.000    0.039942     1
    19         0.000    0.038536     1
    20         0.000    0.037130     1
    21         0.000    0.033473     1
    22         0.000    0.030941     1
    23         0.000    0.024753     1
    24         0.000    0.021378     1
    25         0.000    0.019409     1
    26         0.000    0.016877     1
    27         0.000    0.014627     1
    28         0.000    0.008157     1
    29         0.000    0.005626     1
    30         0.000    0.001125     1
    31         0.000    0.003938     1
    32         0.000    0.009845     1
    33         0.000    0.015189     1
    34         0.000    0.021378     1
    35         0.000    0.026441     1
    36         0.000    0.030098     1
    37         0.000    0.033192     1
    38         0.000    0.036004     1
    39         0.000    0.039099     1
    40         0.000    0.043880     1
    41         0.000    0.049787     1
    42         0.000    0.052882     1
    43         0.000    0.056820     1
    44         0.000    0.063289     1
    45         0.000    0.068352     1
    46         0.000  -999.031250     1
    47         0.000  -999.031250     1
    48         0.000  -999.031250     1
    49         0.000  -999.031250     1
    50         0.000  -999.031250     1
    51         0.000  -999.031250     1
    52         0.000  -999.031250     1
    53         0.000  -999.031250     1
    54         0.000  -999.031250     1
    55         0.000  -999.031250     1
    56         0.000  -999.031250     1
    57         0.000  -999.031250     1
    58         0.000  -999.031250     1
    59         0.000  -999.031250     1
    60         0.000  -999.031250     1
