First Breaks generated by GEOGIGA FrontEnd
VERSION: 1.3
INFO:
TOTAL_NUMBER_OF_SHOTS: 1
SEISMIC_DATA_FILE_NAME: Array3_SP01.sgy
SHOT_LOCATION: 1093350.000
NUMBER_OF_RECEIVERS: 60
     #             X           T   Layer
     1         0.000    3.675551     1
     2         0.000    8.882583     1
     3         0.000   14.395909     1
     4         0.000   18.684053     1
     5         0.000   23.584787     1
     6         0.000   29.710707     1
     7         0.000   33.079964     1
     8         0.000   37.061810     1
     9         0.000   40.431065     1
    10         0.000   46.556984     1
    11         0.000   50.232536     1
    12         0.000   56.664749     1
    13         0.000   61.259190     1
    14         0.000   65.241035     1
    15         0.000   70.141769     1
    16         0.000   73.817322     1
    17         0.000   78.411766     1
    18         0.000   83.312500     1
    19         0.000   86.069160     1
    20         0.000   90.969894     1
    21         0.000   94.951744     1
    22         0.000   99.239891     1
    23         0.000  104.446915     1
    24         0.000  111.185432     1
    25         0.000  116.086166     1
    26         0.000  119.149124     1
    27         0.000  123.743561     1
    28         0.000  128.031708     1
    29         0.000  131.094666     1
    30         0.000  134.463928     1
    31         0.000  141.815018     1
    32         0.000  146.409470     1
    33         0.000  150.391312     1
    34         0.000  154.985748     1
    35         0.000  160.192780     1
    36         0.000  163.255737     1
    37         0.000  168.769073     1
    38         0.000  172.444626     1
    39         0.000  176.120163     1
    40         0.000  182.246094     1
    41         0.000  -999.031250     1
    42         0.000  -999.031250     1
    43         0.000  -999.031250     1
    44         0.000  -999.031250     1
    45         0.000  -999.031250     1
    46         0.000  -999.031250     1
    47         0.000  -999.031250     1
    48         0.000  -999.031250     1
    49         0.000  -999.031250     1
    50         0.000  -999.031250     1
    51         0.000  -999.031250     1
    52         0.000  -999.031250     1
    53         0.000  -999.031250     1
    54         0.000  -999.031250     1
    55         0.000  -999.031250     1
    56         0.000  -999.031250     1
    57         0.000  -999.031250     1
    58         0.000  -999.031250     1
    59         0.000  -999.031250     1
    60         0.000  -999.031250     1
