First Breaks generated by GEOGIGA FrontEnd
VERSION: 1.3
INFO:
TOTAL_NUMBER_OF_SHOTS: 1
SEISMIC_DATA_FILE_NAME: Array2_SP02.sgy
SHOT_LOCATION: 1000150.000
NUMBER_OF_RECEIVERS: 30
     #             X           T   Layer
     1         0.000    0.077799     1
     2         0.000    0.077033     1
     3         0.000    0.076880     1
     4         0.000    0.075196     1
     5         0.000    0.074430     1
     6         0.000    0.073970     1
     7         0.000    0.072592     1
     8         0.000    0.070908     1
     9         0.000    0.069835     1
    10         0.000    0.067845     1
    11         0.000    0.064322     1
    12         0.000    0.063250     1
    13         0.000    0.056818     1
    14         0.000    0.051611     1
    15         0.000    0.044719     1
    16         0.000    0.040125     1
    17         0.000    0.035990     1
    18         0.000    0.029404     1
    19         0.000    0.021747     1
    20         0.000    0.019909     1
    21         0.000    0.018225     1
    22         0.000    0.014396     1
    23         0.000    0.013936     1
    24         0.000    0.013171     1
    25         0.000    0.010874     1
    26         0.000    0.009955     1
    27         0.000    0.008576     1
    28         0.000    0.006739     1
    29         0.000    0.003829     1
    30         0.000    0.000306     1
