First Breaks generated by GEOGIGA FrontEnd
VERSION: 1.3
INFO:
TOTAL_NUMBER_OF_SHOTS: 1
SEISMIC_DATA_FILE_NAME: Array3_SP31.sgy
SHOT_LOCATION: 1093809.625
NUMBER_OF_RECEIVERS: 60
     #             X           T   Layer
     1         0.000  -999.031250     1
     2         0.000  -999.031250     1
     3         0.000  -999.031250     1
     4         0.000  -999.031250     1
     5         0.000  -999.031250     1
     6         0.000  -999.031250     1
     7         0.000  -999.031250     1
     8         0.000  -999.031250     1
     9         0.000  -999.031250     1
    10         0.000  -999.031250     1
    11         0.000  -999.031250     1
    12         0.000  -999.031250     1
    13         0.000  -999.031250     1
    14         0.000  -999.031250     1
    15         0.000  -999.031250     1
    16         0.000  -999.031250     1
    17         0.000  -999.031250     1
    18         0.000  -999.031250     1
    19         0.000  -999.031250     1
    20         0.000  -999.031250     1
    21         0.000  -999.031250     1
    22         0.000  -999.031250     1
    23         0.000    0.172138     1
    24         0.000    0.168156     1
    25         0.000    0.162949     1
    26         0.000    0.159886     1
    27         0.000    0.153148     1
    28         0.000    0.152229     1
    29         0.000    0.148554     1
    30         0.000    0.143040     1
    31         0.000    0.138139     1
    32         0.000    0.133239     1
    33         0.000    0.127725     1
    34         0.000    0.124356     1
    35         0.000    0.120374     1
    36         0.000    0.116086     1
    37         0.000    0.109348     1
    38         0.000    0.104141     1
    39         0.000    0.100159     1
    40         0.000    0.096177     1
    41         0.000    0.090970     1
    42         0.000    0.086988     1
    43         0.000    0.084231     1
    44         0.000    0.077799     1
    45         0.000    0.073817     1
    46         0.000    0.068304     1
    47         0.000    0.063403     1
    48         0.000    0.060340     1
    49         0.000    0.055133     1
    50         0.000    0.051151     1
    51         0.000    0.048701     1
    52         0.000    0.044107     1
    53         0.000    0.036143     1
    54         0.000    0.032774     1
    55         0.000    0.027260     1
    56         0.000    0.022972     1
    57         0.000    0.017153     1
    58         0.000    0.012864     1
    59         0.000    0.007045     1
    60         0.000    0.002144     1
