First Breaks generated by GEOGIGA FrontEnd
VERSION: 1.3
INFO:
TOTAL_NUMBER_OF_SHOTS: 1
SEISMIC_DATA_FILE_NAME: Array3_SP15.sgy
SHOT_LOCATION: 1093564.500
NUMBER_OF_RECEIVERS: 60
     #             X           T   Layer
     1         0.000  125.887634     1
     2         0.000  121.905785     1
     3         0.000  118.230240     1
     4         0.000  112.716911     1
     5         0.000  107.509880     1
     6         0.000  103.834328     1
     7         0.000   99.546181     1
     8         0.000   95.564339     1
     9         0.000   91.888786     1
    10         0.000   87.294342     1
    11         0.000   83.618797     1
    12         0.000   79.943245     1
    13         0.000   75.655098     1
    14         0.000   70.754364     1
    15         0.000   65.547333     1
    16         0.000   60.646599     1
    17         0.000   56.971046     1
    18         0.000   52.989201     1
    19         0.000   46.556984     1
    20         0.000   41.349953     1
    21         0.000   37.674400     1
    22         0.000   33.386257     1
    23         0.000   28.791819     1
    24         0.000   25.116268     1
    25         0.000   19.909237     1
    26         0.000   14.395909     1
    27         0.000    7.657399     1
    28         0.000    3.369256     1
    29         0.000    3.981847     1
    30         0.000   10.414063     1
    31         0.000   15.927389     1
    32         0.000   20.828125     1
    33         0.000   26.035156     1
    34         0.000   29.710707     1
    35         0.000   35.836624     1
    36         0.000   37.674400     1
    37         0.000   43.494026     1
    38         0.000   48.088463     1
    39         0.000   51.151424     1
    40         0.000   56.358456     1
    41         0.000   61.259190     1
    42         0.000   66.772514     1
    43         0.000   72.285843     1
    44         0.000   75.348801     1
    45         0.000   80.555832     1
    46         0.000   83.618797     1
    47         0.000   87.906937     1
    48         0.000   94.032860     1
    49         0.000   99.546181     1
    50         0.000  104.140625     1
    51         0.000  109.653946     1
    52         0.000  113.942093     1
    53         0.000  119.761719     1
    54         0.000  122.824677     1
    55         0.000  127.419113     1
    56         0.000  131.400955     1
    57         0.000  135.995407     1
    58         0.000  139.670959     1
    59         0.000  144.265396     1
    60         0.000  149.472427     1
