First Breaks generated by GEOGIGA FrontEnd
VERSION: 1.3
INFO:
TOTAL_NUMBER_OF_SHOTS: 1
SEISMIC_DATA_FILE_NAME: Array2_SP01.sgy
SHOT_LOCATION: 10933.660
NUMBER_OF_RECEIVERS: 30
     #             X           T   Layer
     1     10933.670    0.000306     1
     2     10933.680    0.003829     1
     3     10933.690    0.005360     1
     4     10933.710    0.006892     1
     5     10933.730    0.008270     1
     6     10933.750    0.009648     1
     7     10933.780    0.011027     1
     8     10933.810    0.012099     1
     9     10933.840    0.014090     1
    10     10933.890    0.016540     1
    11     10933.940    0.018990     1
    12     10933.990    0.021288     1
    13     10934.110    0.026035     1
    14     10934.230    0.031548     1
    15     10934.350    0.036296     1
    16     10934.470    0.042269     1
    17     10934.580    0.046863     1
    18     10934.700    0.050998     1
    19     10934.820    0.057737     1
    20     10934.870    0.061106     1
    21     10934.920    0.063403     1
    22     10934.970    0.065088     1
    23     10935.000    0.067385     1
    24     10935.030    0.068457     1
    25     10935.060    0.068763     1
    26     10935.080    0.069529     1
    27     10935.100    0.070601     1
    28     10935.120    0.071367     1
    29     10935.130    0.073358     1
    30     10935.140    0.073664     1
